 alpha=-10 deg
 # v_inf, v_i, P
   0.00000000       32.7303734       3274.34668    
   1.72225511       32.8580818       3257.20410    
   3.44451022       32.9414177       3235.62207    
   5.16676521       32.9794159       3209.50513    
   6.88902044       32.9712830       3178.77344    
   8.61127567       32.9164124       3143.36475    
   10.3335304       32.8143654       3103.23779    
   12.0557861       32.6649323       3058.36987    
   13.7780409       32.4681358       3008.76343    
   15.5002956       32.2242622       2954.44727    
   17.2225513       31.9338913       2895.48047    
   18.9448071       31.5979576       2831.95483    
   20.6670609       31.2177563       2764.00098    
   22.3893166       30.7950134       2691.79126    
   24.1115723       30.3319016       2615.54272    
   25.8338261       29.8310585       2535.51978    
   27.5560818       29.2956123       2452.03491    
   29.2783375       28.7291489       2365.44775    
   31.0005913       28.1356983       2276.16064    
   32.7228470       27.5196495       2184.61206    
   34.4451027       26.8856525       2091.26807    
   36.1673584       26.2385139       1996.61023    
   37.8896141       25.5830727       1901.12109    
   39.6118660       24.9240360       1805.27295    
   41.3341217       24.2658730       1709.51147    
   43.0563774       23.6126804       1614.24731    
   44.7786331       22.9681072       1519.84558    
   46.5008888       22.3352909       1426.61987    
   48.2231445       21.7168350       1334.83093    
   49.9453964       21.1148148       1244.68628    
   51.6676521       20.5307903       1156.34167    
   53.3899078       19.9658604       1069.90771    
   55.1121635       19.4207249       985.453918    
   56.8344193       18.8957272       903.014404    
   58.5566750       18.3909187       822.594788    
   60.2789307       17.9061260       744.177795    
   62.0011826       17.4409904       667.726746    
   63.7234383       16.9950047       593.191711    
   65.4456940       16.5675716       520.512634    
   67.1679459       16.1580238       449.622986    
   68.8902054       15.7656479       380.450897    
   70.6124573       15.3897028       312.922852    
   72.3347168       15.0294485       246.964569    
   74.0569687       14.6841469       182.501831    
   75.7792282       14.3530684       119.462051    
   77.5014801       14.0355053       57.7744865    
   79.2237320       13.7307796      -2.62898731    
   80.9459915       13.4382305      -61.8143311    
   82.6682434       13.1572399      -119.843018    
   84.3905029       12.8872051      -176.775848    
