 alpha=10 deg
 # v_inf, v_i, P
   0.00000000       32.7303734       3274.34668    
   1.72225511       32.5594139       3287.16284    
   3.44451022       32.3464966       3295.78052    
   5.16676521       32.0930595       3300.34521    
   6.88902044       31.8007145       3301.01807    
   8.61127567       31.4712467       3297.97656    
   10.3335304       31.1066055       3291.41675    
   12.0557861       30.7089176       3281.55054    
   13.7780409       30.2804890       3268.60889    
   15.5002956       29.8237762       3252.83813    
   17.2225513       29.3414173       3234.50122    
   18.9448071       28.8361759       3213.87549    
   20.6670609       28.3109493       3191.25049    
   22.3893166       27.7687244       3166.92480    
   24.1115723       27.2125397       3141.20337    
   25.8338261       26.6454697       3114.39209    
   27.5560818       26.0705509       3086.79565    
   29.2783375       25.4907455       3058.71069    
   31.0005913       24.9089146       3030.42310    
   32.7228470       24.3277588       3002.20239    
   34.4451027       23.7497749       2974.29956    
   36.1673584       23.1772518       2946.94312    
   37.8896141       22.6122265       2920.33643    
   39.6118660       22.0564747       2894.65771    
   41.3341217       21.5115223       2870.05908    
   43.0563774       20.9786205       2846.66650    
   44.7786331       20.4587898       2824.58130    
   46.5008888       19.9528046       2803.88110    
   48.2231445       19.4612370       2784.62329    
   49.9453964       18.9844570       2766.84448    
   51.6676521       18.5226669       2750.56616    
   53.3899078       18.0759335       2735.79321    
   55.1121635       17.6441917       2722.52075    
   56.8344193       17.2272778       2710.73096    
   58.5566750       16.8249397       2700.39966    
   60.2789307       16.4368629       2691.49487    
   62.0011826       16.0626831       2683.98071    
   63.7234383       15.7019911       2677.81592    
   65.4456940       15.3543625       2672.95776    
   67.1679459       15.0193424       2669.36084    
   68.8902054       14.6964731       2666.97925    
   70.6124573       14.3852892       2665.76733    
   72.3347168       14.0853300       2665.67822    
   74.0569687       13.7961435       2666.66626    
   75.7792282       13.5172768       2668.68726    
   77.5014801       13.2482958       2671.69678    
   79.2237320       12.9887772       2675.65308    
   80.9459915       12.7383080       2680.51514    
   82.6682434       12.4965000       2686.24316    
   84.3905029       12.2629700       2692.79932    
