 alpha=0 deg
 # v_inf, v_i, P
   0.00000000       32.7303734       3274.34668    
   1.72225511       32.7077255       3272.08081    
   3.44451022       32.6398773       3265.29321    
   5.16676521       32.5271072       3254.01221    
   6.88902044       32.3699074       3238.28589    
   8.61127567       32.1689568       3218.18262    
   10.3335304       31.9251652       3193.79321    
   12.0557861       31.6396618       3165.23242    
   13.7780409       31.3138447       3132.63696    
   15.5002956       30.9493504       3096.17285    
   17.2225513       30.5481014       3056.03198    
   18.9448071       30.1123047       3012.43481    
   20.6670609       29.6444569       2965.63110    
   22.3893166       29.1473236       2915.89844    
   24.1115723       28.6239510       2863.54053    
   25.8338261       28.0776119       2808.88452    
   27.5560818       27.5117760       2752.27808    
   29.2783375       26.9300499       2694.08228    
   31.0005913       26.3361206       2634.66528    
   32.7228470       25.7336731       2574.39722    
   34.4451027       25.1263351       2513.63843    
   36.1673584       24.5175724       2452.73779    
   37.8896141       23.9106445       2392.02075    
   39.6118660       23.3085403       2331.78638    
   41.3341217       22.7139320       2272.30176    
   43.0563774       22.1291504       2213.80005    
   44.7786331       21.5561676       2156.47900    
   46.5008888       20.9966011       2100.50024    
   48.2231445       20.4517307       2045.99109    
   49.9453964       19.9225159       1993.04834    
   51.6676521       19.4096184       1941.73853    
   53.3899078       18.9134655       1892.10327    
   55.1121635       18.4342442       1844.16187    
   56.8344193       17.9719677       1797.91565    
   58.5566750       17.5264893       1753.34973    
   60.2789307       17.0975437       1710.43823    
   62.0011826       16.6847668       1669.14417    
   63.7234383       16.2877235       1629.42383    
   65.4456940       15.9059229       1591.22852    
   67.1679459       15.5388403       1554.50537    
   68.8902054       15.1859207       1519.19958    
   70.6124573       14.8466110       1485.25488    
   72.3347168       14.5203381       1452.61462    
   74.0569687       14.2065468       1421.22290    
   75.7792282       13.9046850       1391.02466    
   77.5014801       13.6142139       1361.96582    
   79.2237320       13.3346100       1333.99438    
   80.9459915       13.0653725       1307.05969    
   82.6682434       12.8060150       1281.11365    
   84.3905029       12.5560732       1256.10950    
