   0.00000000       1.00000000    
   1.72225511      0.999307990    
   3.44451022      0.997235060    
   5.16676521      0.993789732    
   6.88902044      0.988986850    
   8.61127567      0.982847273    
   10.3335304      0.975398600    
   12.0557861      0.966675997    
   13.7780409      0.956721246    
   15.5002956      0.945584893    
   17.2225513      0.933325708    
   18.9448071      0.920010984    
   20.6670609      0.905716896    
   22.3893166      0.890528321    
   24.1115723      0.874538004    
   25.8338261      0.857845783    
   27.5560818      0.840557933    
   29.2783375      0.822784662    
   31.0005913      0.804638445    
   32.7228470      0.786232352    
   34.4451027      0.767676353    
   36.1673584      0.749077022    
   37.8896141      0.730533719    
   39.6118660      0.712137878    
   41.3341217      0.693971038    
   43.0563774      0.676104367    
   44.7786331      0.658598244    
   46.5008888      0.641502082    
   48.2231445      0.624854743    
   49.9453964      0.608685791    
   51.6676521      0.593015552    
   53.3899078      0.577856719    
   55.1121635      0.563215196    
   56.8344193      0.549091399    
   58.5566750      0.535480797    
   60.2789307      0.522375405    
   62.0011826      0.509764016    
   63.7234383      0.497633278    
   65.4456940      0.485968232    
   67.1679459      0.474752843    
   68.8902054      0.463970304    
   70.6124573      0.453603417    
   72.3347168      0.443634957    
   74.0569687      0.434047788    
   75.7792282      0.424825102    
   77.5014801      0.415950418    
   79.2237320      0.407407790    
   80.9459915      0.399181813    
   82.6682434      0.391257793    
   84.3905029      0.383621424    
