   0.00000000       1.00000000    
   1.72225511       1.00391412    
   3.44451022       1.00654602    
   5.16676521       1.00794005    
   6.88902044       1.00814557    
   8.61127567       1.00721669    
   10.3335304       1.00521326    
   12.0557861       1.00220013    
   13.7780409      0.998247623    
   15.5002956      0.993431211    
   17.2225513      0.987830997    
   18.9448071      0.981531858    
   20.6670609      0.974622071    
   22.3893166      0.967192888    
   24.1115723      0.959337413    
   25.8338261      0.951149166    
   27.5560818      0.942721069    
   29.2783375      0.934143841    
   31.0005913      0.925504684    
   32.7228470      0.916885912    
   34.4451027      0.908364296    
   36.1673584      0.900009513    
   37.8896141      0.891883671    
   39.6118660      0.884041309    
   41.3341217      0.876528800    
   43.0563774      0.869384587    
   44.7786331      0.862639666    
   46.5008888      0.856317699    
   48.2231445      0.850436330    
   49.9453964      0.845006585    
   51.6676521      0.840035081    
   53.3899078      0.835523367    
   55.1121635      0.831469893    
   56.8344193      0.827869236    
   58.5566750      0.824714005    
   60.2789307      0.821994483    
   62.0011826      0.819699585    
   63.7234383      0.817816854    
   65.4456940      0.816333175    
   67.1679459      0.815234661    
   68.8902054      0.814507306    
   70.6124573      0.814137161    
   72.3347168      0.814109981    
   74.0569687      0.814411700    
   75.7792282      0.815028906    
   77.5014801      0.815948069    
   79.2237320      0.817156315    
   80.9459915      0.818641186    
   82.6682434      0.820390582    
   84.3905029      0.822392881    
