   0.00000000       1.00000000    
   1.72225511      0.994764566    
   3.44451022      0.988173306    
   5.16676521      0.980197132    
   6.88902044      0.970811486    
   8.61127567      0.959997535    
   10.3335304      0.947742581    
   12.0557861      0.934039712    
   13.7780409      0.918889701    
   15.5002956      0.902301311    
   17.2225513      0.884292603    
   18.9448071      0.864891589    
   20.6670609      0.844138145    
   22.3893166      0.822084963    
   24.1115723      0.798798323    
   25.8338261      0.774358988    
   27.5560818      0.748862326    
   29.2783375      0.722418249    
   31.0005913      0.695149541    
   32.7228470      0.667190194    
   34.4451027      0.638682544    
   36.1673584      0.609773636    
   37.8896141      0.580610812    
   39.6118660      0.551338375    
   41.3341217      0.522092402    
   43.0563774      0.492998302    
   44.7786331      0.464167595    
   46.5008888      0.435696036    
   48.2231445      0.407663286    
   49.9453964      0.380132705    
   51.6676521      0.353151888    
   53.3899078      0.326754570    
   55.1121635      0.300962001    
   56.8344193      0.275784612    
   58.5566750      0.251224101    
   60.2789307      0.227275193    
   62.0011826      0.203926712    
   63.7234383      0.181163386    
   65.4456940      0.158966869    
   67.1679459      0.137316853    
   68.8902054      0.116191395    
   70.6124573       9.55680236E-02
   72.3347168       7.54240751E-02
   74.0569687       5.57368696E-02
   75.7792282       3.64842415E-02
   77.5014801       1.76445842E-02
   79.2237320      -8.02904367E-04
   80.9459915      -1.88783705E-02
   82.6682434      -3.66005898E-02
   84.3905029      -5.39881289E-02
