   0.00000000      -32.7303734    
   1.72225511      -32.5590172    
   3.44451022      -32.3432846    
   5.16676521      -32.0822182    
   6.88902044      -31.7750206    
   8.61127567      -31.4210796    
   10.3335304      -31.0199661    
   12.0557861      -30.5714703    
   13.7780409      -30.0756054    
   15.5002956      -29.5326653    
   17.2225513      -28.9432297    
   18.9448071      -28.3082256    
   20.6670609      -27.6289577    
   22.3893166      -26.9071503    
   24.1115723      -26.1449699    
   25.8338261      -25.3450584    
   27.5560818      -24.5105438    
   29.2783375      -23.6450195    
   31.0005913      -22.7525043    
   32.7228470      -21.8373871    
   34.4451027      -20.9043198    
   36.1673584      -19.9581184    
   37.8896141      -19.0036106    
   39.6118660      -18.0455112    
   41.3341217      -17.0882797    
   43.0563774      -16.1360207    
   44.7786331      -15.1923771    
   46.5008888      -14.2604980    
   48.2231445      -13.3429756    
   49.9453964      -12.4418859    
   51.6676521      -11.5587950    
   53.3899078      -10.6948004    
   55.1121635      -9.85060024    
   56.8344193      -9.02653408    
   58.5566750      -8.22266483    
   60.2789307      -7.43880367    
   62.0011826      -6.67460012    
   63.7234383      -5.92954588    
   65.4456940      -5.20304632    
   67.1679459      -4.49443293    
   68.8902054      -3.80299067    
   70.6124573      -3.12798357    
   72.3347168      -2.46866012    
   74.0569687      -1.82429075    
   75.7792282      -1.19414604    
   77.5014801     -0.577517092    
   79.2237320       2.62753516E-02
   80.9459915      0.617891669    
   82.6682434       1.19794810    
   84.3905029       1.76704907    
