   0.00000000      -32.7303734    
   1.72225511      -32.7077255    
   3.44451022      -32.6398735    
   5.16676521      -32.5271072    
   6.88902044      -32.3699074    
   8.61127567      -32.1689568    
   10.3335304      -31.9251614    
   12.0557861      -31.6396618    
   13.7780409      -31.3138447    
   15.5002956      -30.9493484    
   17.2225513      -30.5481014    
   18.9448071      -30.1123028    
   20.6670609      -29.6444550    
   22.3893166      -29.1473236    
   24.1115723      -28.6239548    
   25.8338261      -28.0776157    
   27.5560818      -27.5117779    
   29.2783375      -26.9300499    
   31.0005913      -26.3361206    
   32.7228470      -25.7336769    
   34.4451027      -25.1263371    
   36.1673584      -24.5175724    
   37.8896141      -23.9106445    
   39.6118660      -23.3085423    
   41.3341217      -22.7139339    
   43.0563774      -22.1291523    
   44.7786331      -21.5561676    
   46.5008888      -20.9966049    
   48.2231445      -20.4517307    
   49.9453964      -19.9225159    
   51.6676521      -19.4096241    
   53.3899078      -18.9134674    
   55.1121635      -18.4342461    
   56.8344193      -17.9719696    
   58.5566750      -17.5264893    
   60.2789307      -17.0975437    
   62.0011826      -16.6847687    
   63.7234383      -16.2877254    
   65.4456940      -15.9059238    
   67.1679459      -15.5388412    
   68.8902054      -15.1859255    
   70.6124573      -14.8466120    
   72.3347168      -14.5203409    
   74.0569687      -14.2065506    
   75.7792282      -13.9046879    
   77.5014801      -13.6142178    
   79.2237320      -13.3346138    
   80.9459915      -13.0653744    
   82.6682434      -12.8060169    
   84.3905029      -12.5560751    
