   0.00000000      -32.7303734    
   1.72225511      -32.8584862    
   3.44451022      -32.9446297    
   5.16676521      -32.9902573    
   6.88902044      -32.9969826    
   8.61127567      -32.9665794    
   10.3335304      -32.9010048    
   12.0557861      -32.8023872    
   13.7780409      -32.6730194    
   15.5002956      -32.5153770    
   17.2225513      -32.3320808    
   18.9448071      -32.1259079    
   20.6670609      -31.8997459    
   22.3893166      -31.6565857    
   24.1115723      -31.3994713    
   25.8338261      -31.1314659    
   27.5560818      -30.8556118    
   29.2783375      -30.5748749    
   31.0005913      -30.2921124    
   32.7228470      -30.0100212    
   34.4451027      -29.7311058    
   36.1673584      -29.4576492    
   37.8896141      -29.1916885    
   39.6118660      -28.9350052    
   41.3341217      -28.6891155    
   43.0563774      -28.4552860    
   44.7786331      -28.2345200    
   46.5008888      -28.0276031    
   48.2231445      -27.8351002    
   49.9453964      -27.6573830    
   51.6676521      -27.4946613    
   53.3899078      -27.3469944    
   55.1121635      -27.2143192    
   56.8344193      -27.0964718    
   58.5566750      -26.9931984    
   60.2789307      -26.9041901    
   62.0011826      -26.8290787    
   63.7234383      -26.7674541    
   65.4456940      -26.7188911    
   67.1679459      -26.6829357    
   68.8902054      -26.6591339    
   70.6124573      -26.6470165    
   72.3347168      -26.6461239    
   74.0569687      -26.6560040    
   75.7792282      -26.6762047    
   77.5014801      -26.7062893    
   79.2237320      -26.7458363    
   80.9459915      -26.7944374    
   82.6682434      -26.8516960    
   84.3905029      -26.9172306    
