0.00000000       8.18259344E-02
9.37672234       8.01645741E-02
18.7534447       7.54058883E-02
28.1301670       6.82986304E-02
37.5068893       6.01130016E-02
46.8836136       5.21855317E-02
56.2603340       4.53104600E-02
65.6370544       3.96610498E-02
75.0137787       3.50935198E-02
84.3905029       3.13901827E-02


0.00000000       7.90800974E-02
9.37672234       7.74744898E-02
18.7534447       7.28754923E-02
28.1301670       6.60067275E-02
37.5068893       5.80957867E-02
46.8836136       5.04343323E-02
56.2603340       4.37899716E-02
65.6370544       3.83301377E-02
75.0137787       3.39158885E-02
84.3905029       3.03368159E-02


0.00000000       7.65125602E-02
9.37672234       7.49590844E-02
18.7534447       7.05094039E-02
28.1301670       6.38636500E-02
37.5068893       5.62095642E-02
46.8836136       4.87968549E-02
56.2603340       4.23682220E-02
65.6370544       3.70856561E-02
75.0137787       3.28147188E-02
84.3905029       2.93518584E-02


0.00000000       7.41065070E-02
9.37672234       7.26018846E-02
18.7534447       6.82921261E-02
28.1301670       6.18553571E-02
37.5068893       5.44419624E-02
46.8836136       4.72623631E-02
56.2603340       4.10358831E-02
65.6370544       3.59194390E-02
75.0137787       3.17828096E-02
84.3905029       2.84288414E-02


0.00000000       7.18471631E-02
9.37672234       7.03884140E-02
18.7534447       6.62100539E-02
28.1301670       5.99695258E-02
37.5068893       5.27821481E-02
46.8836136       4.58214395E-02
56.2603340       3.97847928E-02
65.6370544       3.48243341E-02
75.0137787       3.08138225E-02
84.3905029       2.75621098E-02


0.00000000       6.97215050E-02
9.37672234       6.83059171E-02
18.7534447       6.42511770E-02
28.1301670       5.81952818E-02
37.5068893       5.12205511E-02
46.8836136       4.44657803E-02
56.2603340       3.86077315E-02
65.6370544       3.37940268E-02
75.0137787       2.99021751E-02
84.3905029       2.67466661E-02


0.00000000       6.77180141E-02
9.37672234       6.63430989E-02
18.7534447       6.24048784E-02
28.1301670       5.65229990E-02
37.5068893       4.97486927E-02
46.8836136       4.31880206E-02
56.2603340       3.74983102E-02
65.6370544       3.28229330E-02
75.0137787       2.90429145E-02
84.3905029       2.59780791E-02


0.00000000       6.58264458E-02
9.37672234       6.44899458E-02
18.7534447       6.06617257E-02
28.1301670       5.49441464E-02
37.5068893       4.83590662E-02
46.8836136       4.19816524E-02
56.2603340       3.64508741E-02
65.6370544       3.19060907E-02
75.0137787       2.82316580E-02
84.3905029       2.52524372E-02


0.00000000       6.40376881E-02
9.37672234       6.27374947E-02
18.7534447       5.90133108E-02
28.1301670       5.34510985E-02
37.5068893       4.70449589E-02
46.8836136       4.08408493E-02
56.2603340       3.54603566E-02
65.6370544       3.10390797E-02
75.0137787       2.74644978E-02
84.3905029       2.45662276E-02


0.00000000       6.23435676E-02
9.37672234       6.10777736E-02
18.7534447       5.74521050E-02
28.1301670       5.20370491E-02
37.5068893       4.58003841E-02
46.8836136       3.97603996E-02
56.2603340       3.45222503E-02
65.6370544       3.02179381E-02
75.0137787       2.67379209E-02
84.3905029       2.39163265E-02


