 # v_inf, vtip, lambda (plot with pm3d)
   0.00000000       400.000000       8.18259344E-02
   0.00000000       413.888885       7.90800974E-02
   0.00000000       427.777771       7.65125602E-02
   0.00000000       441.666656       7.41065070E-02
   0.00000000       455.555542       7.18471631E-02
   0.00000000       469.444458       6.97215050E-02
   0.00000000       483.333344       6.77180141E-02
   0.00000000       497.222229       6.58264458E-02
   0.00000000       511.111115       6.40376881E-02
   0.00000000       525.000000       6.23435676E-02
 
   9.37672234       400.000000       8.01645741E-02
   9.37672234       413.888885       7.74744898E-02
   9.37672234       427.777771       7.49590844E-02
   9.37672234       441.666656       7.26018846E-02
   9.37672234       455.555542       7.03884140E-02
   9.37672234       469.444458       6.83059171E-02
   9.37672234       483.333344       6.63430989E-02
   9.37672234       497.222229       6.44899458E-02
   9.37672234       511.111115       6.27374947E-02
   9.37672234       525.000000       6.10777736E-02
 
   18.7534447       400.000000       7.54058883E-02
   18.7534447       413.888885       7.28754923E-02
   18.7534447       427.777771       7.05094039E-02
   18.7534447       441.666656       6.82921261E-02
   18.7534447       455.555542       6.62100539E-02
   18.7534447       469.444458       6.42511770E-02
   18.7534447       483.333344       6.24048784E-02
   18.7534447       497.222229       6.06617257E-02
   18.7534447       511.111115       5.90133108E-02
   18.7534447       525.000000       5.74521050E-02
 
   28.1301670       400.000000       6.82986304E-02
   28.1301670       413.888885       6.60067275E-02
   28.1301670       427.777771       6.38636500E-02
   28.1301670       441.666656       6.18553571E-02
   28.1301670       455.555542       5.99695258E-02
   28.1301670       469.444458       5.81952818E-02
   28.1301670       483.333344       5.65229990E-02
   28.1301670       497.222229       5.49441464E-02
   28.1301670       511.111115       5.34510985E-02
   28.1301670       525.000000       5.20370491E-02
 
   37.5068893       400.000000       6.01130016E-02
   37.5068893       413.888885       5.80957867E-02
   37.5068893       427.777771       5.62095642E-02
   37.5068893       441.666656       5.44419624E-02
   37.5068893       455.555542       5.27821481E-02
   37.5068893       469.444458       5.12205511E-02
   37.5068893       483.333344       4.97486927E-02
   37.5068893       497.222229       4.83590662E-02
   37.5068893       511.111115       4.70449589E-02
   37.5068893       525.000000       4.58003841E-02
 
   46.8836136       400.000000       5.21855317E-02
   46.8836136       413.888885       5.04343323E-02
   46.8836136       427.777771       4.87968549E-02
   46.8836136       441.666656       4.72623631E-02
   46.8836136       455.555542       4.58214395E-02
   46.8836136       469.444458       4.44657803E-02
   46.8836136       483.333344       4.31880206E-02
   46.8836136       497.222229       4.19816524E-02
   46.8836136       511.111115       4.08408493E-02
   46.8836136       525.000000       3.97603996E-02
 
   56.2603340       400.000000       4.53104600E-02
   56.2603340       413.888885       4.37899716E-02
   56.2603340       427.777771       4.23682220E-02
   56.2603340       441.666656       4.10358831E-02
   56.2603340       455.555542       3.97847928E-02
   56.2603340       469.444458       3.86077315E-02
   56.2603340       483.333344       3.74983102E-02
   56.2603340       497.222229       3.64508741E-02
   56.2603340       511.111115       3.54603566E-02
   56.2603340       525.000000       3.45222503E-02
 
   65.6370544       400.000000       3.96610498E-02
   65.6370544       413.888885       3.83301377E-02
   65.6370544       427.777771       3.70856561E-02
   65.6370544       441.666656       3.59194390E-02
   65.6370544       455.555542       3.48243341E-02
   65.6370544       469.444458       3.37940268E-02
   65.6370544       483.333344       3.28229330E-02
   65.6370544       497.222229       3.19060907E-02
   65.6370544       511.111115       3.10390797E-02
   65.6370544       525.000000       3.02179381E-02
 
   75.0137787       400.000000       3.50935198E-02
   75.0137787       413.888885       3.39158885E-02
   75.0137787       427.777771       3.28147188E-02
   75.0137787       441.666656       3.17828096E-02
   75.0137787       455.555542       3.08138225E-02
   75.0137787       469.444458       2.99021751E-02
   75.0137787       483.333344       2.90429145E-02
   75.0137787       497.222229       2.82316580E-02
   75.0137787       511.111115       2.74644978E-02
   75.0137787       525.000000       2.67379209E-02
 
   84.3905029       400.000000       3.13901827E-02
   84.3905029       413.888885       3.03368159E-02
   84.3905029       427.777771       2.93518584E-02
   84.3905029       441.666656       2.84288414E-02
   84.3905029       455.555542       2.75621098E-02
   84.3905029       469.444458       2.67466661E-02
   84.3905029       483.333344       2.59780791E-02
   84.3905029       497.222229       2.52524372E-02
   84.3905029       511.111115       2.45662276E-02
   84.3905029       525.000000       2.39163265E-02
 
